0
0
0
0
0
0
0
0
0
0
0
0
0
0
0
0
0
0
0
0
0
0
0
0
0
0
0
0
0
0
0
0
0
0
0
0
0
0
0
0
0
0
0
0
0
0
0
0
0
0
0
0
0
0
0
0
0
0
0
0
0
0
0
0
0
0
0
0
0
0
0
0
0
0
0
0
0
0
0
0
0
0
0
0
1
1
1
1
1
1
2
2
2
1
1
1
1
1
0
2
2
3
3
2
2
4
4
5
4
5
6
8
7
7
8
8
8
7
8
8
11
15
17
18
16
16
16
17
20
22
23
25
29
27
29
36
37
37
45
45
56
62
63
64
67
62
100
99
103
106
118
118
123
119
123
136
115
124
125
130
138
147
160
165
171
170
174
181
184
184
194
197
203
203
87
95
101
108
117
119
112
95
100
95
80
82
86
87
85
73
70
72
69
71
69
71
71
67
66
67
66
64
61
58
58
58
64
65
65
71
72
76
74
78
81
78
77
76
73
65
74
71
76
72
70
70
60
65
70
71
68
73
65
72
82
84
78
79
86
80
89
96
119
107
107
115
112
127
128
131
127
127
128
124
97
99
103
84
80
76
69
69
70
75
79
63
62
68
69
66
71
60
58
62
58
56
59
61
51
48
45
47
45
47
49
48
49
47
44
38
31
26
19
20
19
31
36
42
50
58
