0
0
0
0
0
0
0
0
0
0
0
0
0
0
0
0
0
0
0
0
0
0
0
0
0
0
0
0
0
0
0
0
0
0
0
0
0
0
0
0
0
0
0
0
0
0
0
0
0
0
0
0
0
0
0
0
0
0
0
0
0
0
0
0
0
0
0
0
0
0
0
0
0
0
0
3
3
3
3
3
3
3
3
3
4
4
4
4
4
4
5
5
5
5
5
5
5
5
5
7
7
8
8
8
8
10
10
11
11
12
13
15
15
15
16
16
16
16
19
19
22
26
28
29
30
31
31
32
35
37
38
41
45
48
50
57
58
59
68
68
81
87
88
89
92
96
134
135
142
146
158
159
164
172
178
191
195
204
205
210
219
229
242
248
254
255
260
269
276
281
291
294
300
301
311
327
334
344
353
355
356
361
371
378
386
388
392
398
400
403
409
415
420
422
423
429
434
437
440
442
443
448
449
450
454
457
466
467
469
476
481
485
488
492
495
500
502
505
508
513
519
522
526
528
533
537
540
545
550
551
554
561
570
577
587
590
591
597
604
615
618
626
649
658
665
673
678
694
698
701
713
721
726
736
738
742
746
748
754
761
764
768
769
774
778
779
781
790
793
796
801
802
803
807
809
812
815
817
818
819
822
827
829
831
833
835
837
841
842
844
845
848
849
850
853
865
872
878
886
894
