0
0
0
0
0
0
0
0
0
0
0
0
0
0
0
0
0
0
0
0
0
0
0
0
0
0
0
0
0
0
0
0
0
0
0
0
0
0
0
0
0
0
0
0
0
0
0
0
0
0
0
0
0
0
0
0
0
0
0
0
0
0
0
0
0
0
0
0
0
0
0
0
0
0
0
3
3
3
3
3
3
3
3
3
3
3
3
3
3
3
3
3
3
4
4
4
4
4
5
5
5
5
5
6
6
6
6
6
7
7
7
7
8
8
8
8
8
9
11
11
11
11
11
11
14
15
15
15
15
15
15
15
15
20
20
20
20
21
22
22
24
24
24
24
24
33
33
33
36
36
36
36
36
48
50
50
74
74
74
74
75
76
76
77
77
78
79
81
85
90
90
90
90
90
216
224
225
227
227
227
235
257
262
274
296
296
296
301
305
319
328
332
340
340
343
347
352
359
363
364
364
371
375
379
383
386
389
389
391
392
396
396
401
401
401
409
412
416
422
435
435
435
437
442
449
453
466
466
466
466
471
473
490
490
490
490
497
502
508
513
513
513
513
533
540
540
548
549
552
552
568
576
580
593
622
623
623
644
654
665
674
678
678
678
678
695
698
701
703
709
709
721
724
724
730
735
735
735
746
750
756
759
763
763
763
766
767
773
777
785
793
801
809
809
813
813
815
815
815
815
